[memorable.jpeg]
moddate=3e38b2dea076cb01
width=266
height=190
text=1;131;9;memorable;Arial;0.205949,0.693990,0.154726,5.564035;v1,4294967295,4280755756,128.000000,1.000000,0.654206,1.000000,400,513,49152;;
textactive=1
filters=crop64=1,24922c76ceeadfa9;
crop=rect64(24922c76ceeadfa9)
